Best Individuals for generations: 
Generation 1:		1 0 1 0 0 0 0 0 1 0 1 0 1 0 1 1 1 1 0 0 0 0 1 0 0 1 1 1 0 0 1 1 1 0 0 0 0 1 0 0 Fitness: 916
Generation 11:		1 0 1 0 0 0 0 0 1 0 1 0 1 0 1 1 1 1 0 0 0 0 1 0 0 1 1 1 0 0 1 1 1 0 0 0 0 1 0 0 Fitness: 916
Generation 21:		1 0 1 0 0 0 0 0 1 0 1 0 1 0 1 1 1 1 0 0 0 0 1 0 0 1 1 1 0 0 1 1 1 0 0 0 0 1 0 0 Fitness: 916
Generation 31:		1 0 1 0 0 0 0 0 1 0 1 0 1 0 1 1 1 1 0 0 0 0 1 0 0 1 1 1 0 0 1 1 1 0 0 0 0 1 0 0 Fitness: 916
Generation 41:		1 0 1 0 0 0 0 0 1 0 1 0 1 0 1 1 1 1 0 0 0 0 1 0 0 1 1 1 0 0 1 1 1 0 0 0 0 1 0 0 Fitness: 916
Generation 51:		1 0 1 0 0 0 0 0 1 0 1 0 1 0 1 1 1 1 0 0 0 0 1 0 0 1 1 1 0 0 1 1 1 0 0 0 0 1 0 0 Fitness: 916
Generation 61:		1 0 1 0 0 0 0 0 1 0 1 0 1 0 1 1 1 1 0 0 0 0 1 0 0 1 1 1 0 0 1 1 1 0 0 0 0 1 0 0 Fitness: 916
Generation 71:		1 0 1 0 0 0 0 0 1 0 1 0 1 0 1 1 1 1 0 0 0 0 1 0 0 1 1 1 0 0 1 1 1 0 0 0 0 1 0 0 Fitness: 916
Generation 81:		1 0 1 0 0 0 0 0 1 0 1 0 1 0 1 1 1 1 0 0 0 0 1 0 0 1 1 1 0 0 1 1 1 0 0 0 0 1 0 0 Fitness: 916
Generation 91:		1 0 1 0 0 0 0 0 1 0 1 0 1 0 1 1 1 1 0 0 0 0 1 0 0 1 1 1 0 0 1 1 1 0 0 0 0 1 0 0 Fitness: 916
Generation 101:		1 0 1 0 0 0 0 0 1 0 1 0 1 0 1 1 1 1 0 0 0 0 1 0 0 1 1 1 0 0 1 1 1 0 0 0 0 1 0 0 Fitness: 916
Generation 111:		1 0 1 0 1 1 1 1 0 1 0 1 1 0 0 1 0 1 1 1 1 1 0 0 0 0 0 0 0 0 0 0 1 0 0 0 1 0 1 1 Fitness: 1067
Generation 121:		1 0 1 0 0 0 0 0 1 0 1 0 1 0 1 1 1 1 0 0 0 0 1 0 0 1 1 1 0 0 1 1 1 0 0 0 0 1 0 0 Fitness: 916
Generation 131:		0 0 1 0 0 0 1 0 1 0 0 0 0 1 1 0 0 1 0 1 0 0 0 0 1 0 0 0 0 0 1 1 0 0 1 1 1 1 1 1 Fitness: 967
Generation 141:		1 0 0 1 1 0 0 0 1 0 1 1 0 0 0 1 0 1 0 1 0 0 1 0 0 0 0 1 0 1 0 0 1 1 1 1 0 1 0 0 Fitness: 984
Generation 151:		1 0 1 0 0 0 0 0 1 0 1 0 1 0 1 1 1 1 0 0 0 0 1 0 0 1 1 1 0 0 1 1 1 0 0 0 0 1 0 0 Fitness: 916
Generation 161:		1 0 1 0 0 0 0 0 1 0 1 0 1 0 1 1 1 1 0 0 0 0 1 0 0 1 1 1 0 0 1 1 1 0 0 0 0 1 0 0 Fitness: 916
Generation 171:		1 0 1 0 0 0 0 0 1 0 1 0 1 0 1 1 1 1 0 0 0 0 1 0 0 1 1 1 0 0 1 1 1 0 0 0 0 1 0 0 Fitness: 916
Generation 181:		1 0 1 0 0 0 0 0 1 0 1 0 1 0 1 1 1 1 0 0 0 0 1 0 0 1 1 1 0 0 1 1 1 0 0 0 0 1 0 0 Fitness: 916
Generation 191:		1 1 1 0 0 0 0 0 1 1 0 1 0 0 0 1 1 1 0 0 0 0 1 1 0 0 0 1 0 0 1 0 1 0 0 0 1 1 1 0 Fitness: 1029
Generation 201:		1 0 1 0 0 0 0 0 1 0 1 0 1 0 1 1 1 1 0 0 0 0 1 0 0 1 1 1 0 0 1 1 1 0 0 0 0 1 0 0 Fitness: 916
Generation 211:		1 0 1 0 0 0 0 0 1 0 1 0 1 0 1 1 1 1 0 0 0 0 1 0 0 1 1 1 0 0 1 1 1 0 0 0 0 1 0 0 Fitness: 916
Generation 221:		1 0 1 0 0 0 0 0 1 0 1 0 1 0 1 1 1 1 0 0 0 0 1 0 0 1 1 1 0 0 1 1 1 0 0 0 0 1 0 0 Fitness: 916
Generation 231:		1 0 1 0 0 0 0 0 1 0 1 0 1 0 1 1 1 1 0 0 0 0 1 0 0 1 1 1 0 0 1 1 1 0 0 0 0 1 0 0 Fitness: 916
Generation 241:		0 0 0 0 0 0 0 1 1 0 0 0 1 0 0 1 0 1 1 0 1 0 0 0 0 1 1 1 0 1 0 0 1 0 1 0 0 1 1 1 Fitness: 960
Generation 251:		1 0 0 0 1 0 0 0 1 0 1 0 0 0 0 0 1 1 0 1 1 1 1 0 1 1 0 1 0 0 0 1 1 0 1 0 1 1 1 1 Fitness: 1191
Generation 261:		1 1 1 0 1 0 1 0 1 0 0 0 1 0 1 0 0 0 0 0 0 0 0 0 0 0 1 0 0 1 1 0 1 1 1 0 0 1 0 1 Fitness: 927
Generation 271:		1 0 1 0 0 0 0 0 1 0 1 0 1 0 1 1 1 1 0 0 0 0 1 0 0 1 1 1 0 0 1 1 1 0 0 0 0 1 0 0 Fitness: 916
Generation 281:		1 0 1 0 0 0 0 0 1 0 1 0 1 0 1 1 1 1 0 0 0 0 1 0 0 1 1 1 0 0 1 1 1 0 0 0 0 1 0 0 Fitness: 916
Generation 291:		1 0 1 0 0 0 0 0 1 0 1 0 1 0 1 1 1 1 0 0 0 0 1 0 0 1 1 1 0 0 1 1 1 0 0 0 0 1 0 0 Fitness: 916
Generation 301:		1 0 1 0 0 0 0 0 1 0 1 0 1 0 1 1 1 1 0 0 0 0 1 0 0 1 1 1 0 0 1 1 1 0 0 0 0 1 0 0 Fitness: 916
Generation 311:		0 0 1 0 0 1 1 0 0 1 1 1 0 0 0 0 0 1 0 1 0 0 0 0 0 1 0 1 0 1 0 1 1 0 1 1 1 0 1 0 Fitness: 1064
Generation 321:		1 0 1 0 0 0 0 0 1 0 1 0 1 0 1 1 1 1 0 0 0 0 1 0 0 1 1 1 0 0 1 1 1 0 0 0 0 1 0 0 Fitness: 916
Generation 331:		1 0 1 0 0 0 0 0 1 0 1 0 1 0 1 1 1 1 0 0 0 0 1 0 0 1 1 1 0 0 1 1 1 0 0 0 0 1 0 0 Fitness: 916
Generation 341:		1 1 0 0 0 1 1 0 1 0 0 0 0 1 0 0 0 0 0 1 0 0 0 1 0 1 0 1 0 0 1 1 0 0 0 1 1 1 1 0 Fitness: 947
Generation 351:		1 0 1 0 0 0 0 0 1 0 1 0 1 0 1 1 1 1 0 0 0 0 1 0 0 1 1 1 0 0 1 1 1 0 0 0 0 1 0 0 Fitness: 916
Generation 361:		1 0 1 0 0 0 0 0 1 0 1 0 1 0 1 1 1 1 0 0 0 0 1 0 0 1 1 1 0 0 1 1 1 0 0 0 0 1 0 0 Fitness: 916
Generation 371:		1 0 1 0 0 0 0 0 1 0 1 0 1 0 1 1 1 1 0 0 0 0 1 0 0 1 1 1 0 0 1 1 1 0 0 0 0 1 0 0 Fitness: 916
Generation 381:		1 0 1 0 0 0 0 0 1 0 1 0 1 0 1 1 1 1 0 0 0 0 1 0 0 1 1 1 0 0 1 1 1 0 0 0 0 1 0 0 Fitness: 916
Generation 391:		0 1 0 0 0 0 1 0 0 0 1 0 0 0 0 1 0 1 0 1 1 0 0 1 0 0 0 0 1 1 1 1 0 1 1 0 0 1 1 1 Fitness: 945
Generation 401:		1 0 1 0 0 0 0 0 1 0 1 0 1 0 1 1 1 1 0 0 0 0 1 0 0 1 1 1 0 0 1 1 1 0 0 0 0 1 0 0 Fitness: 916
Generation 411:		1 1 0 1 1 0 1 0 1 0 1 0 1 0 1 1 0 0 0 1 1 1 1 0 0 0 0 0 0 0 0 1 1 1 1 0 1 1 0 0 Fitness: 948
Generation 421:		1 0 1 0 0 0 0 0 1 0 1 0 1 0 1 1 1 1 0 0 0 0 1 0 0 1 1 1 0 0 1 1 1 0 0 0 0 1 0 0 Fitness: 916
Generation 431:		1 0 1 0 0 0 0 0 1 0 1 0 1 0 1 1 1 1 0 0 0 0 1 0 0 1 1 1 0 0 1 1 1 0 0 0 0 1 0 0 Fitness: 916
Generation 441:		1 0 1 0 0 0 0 0 1 0 1 0 1 0 1 1 1 1 0 0 0 0 1 0 0 1 1 1 0 0 1 1 1 0 0 0 0 1 0 0 Fitness: 916
Generation 451:		1 0 1 0 0 0 0 0 1 0 1 0 1 0 1 1 1 1 0 0 0 0 1 0 0 1 1 1 0 0 1 1 1 0 0 0 0 1 0 0 Fitness: 916
Generation 461:		0 1 1 1 0 0 0 0 0 0 0 1 0 1 1 0 0 0 1 0 1 1 0 1 0 0 0 0 0 1 0 0 1 0 1 0 0 1 1 0 Fitness: 949
Generation 471:		1 0 1 0 0 0 0 0 1 0 1 0 1 0 1 1 1 1 0 0 0 0 1 0 0 1 1 1 0 0 1 1 1 0 0 0 0 1 0 0 Fitness: 916
Generation 481:		1 0 1 0 0 0 0 0 1 0 1 0 1 0 1 1 1 1 0 0 0 0 1 0 0 1 1 1 0 0 1 1 1 0 0 0 0 1 0 0 Fitness: 916
Generation 491:		1 0 1 0 0 0 0 0 1 0 1 0 1 0 1 1 1 1 0 0 0 0 1 0 0 1 1 1 0 0 1 1 1 0 0 0 0 1 0 0 Fitness: 916
Generation 501:		1 0 1 0 0 0 0 0 1 0 1 0 1 0 1 1 1 1 0 0 0 0 1 0 0 1 1 1 0 0 1 1 1 0 0 0 0 1 0 0 Fitness: 916
Generation 511:		1 0 1 0 0 0 0 0 1 0 1 0 1 0 1 1 1 1 0 0 0 0 1 0 0 1 1 1 0 0 1 1 1 0 0 0 0 1 0 0 Fitness: 916
Generation 521:		1 0 1 0 0 0 0 0 1 0 1 0 1 0 1 1 1 1 0 0 0 0 1 0 0 1 1 1 0 0 1 1 1 0 0 0 0 1 0 0 Fitness: 916
Generation 531:		1 0 1 0 0 0 0 0 1 0 1 0 1 0 1 1 1 1 0 0 0 0 1 0 0 1 1 1 0 0 1 1 1 0 0 0 0 1 0 0 Fitness: 916
Generation 541:		1 0 1 0 0 0 0 0 1 0 1 0 1 0 1 1 1 1 0 0 0 0 1 0 0 1 1 1 0 0 1 1 1 0 0 0 0 1 0 0 Fitness: 916
Generation 551:		1 0 1 0 0 0 0 0 1 0 1 0 1 0 1 1 1 1 0 0 0 0 1 0 0 1 1 1 0 0 1 1 1 0 0 0 0 1 0 0 Fitness: 916
Generation 561:		1 0 1 0 0 0 0 0 1 0 1 0 1 0 1 1 1 1 0 0 0 0 1 0 0 1 1 1 0 0 1 1 1 0 0 0 0 1 0 0 Fitness: 916
Generation 571:		0 0 0 0 1 0 1 0 0 0 1 1 0 1 1 1 0 1 0 0 1 1 1 1 0 0 0 1 0 0 1 0 1 1 1 0 1 0 0 1 Fitness: 990
Generation 581:		1 0 1 0 0 0 0 0 1 0 1 0 1 0 1 1 1 1 0 0 0 0 1 0 0 1 1 1 0 0 1 1 1 0 0 0 0 1 0 0 Fitness: 916
Generation 591:		1 0 1 0 0 0 0 0 1 0 1 0 1 0 1 1 1 1 0 0 0 0 1 0 0 1 1 1 0 0 1 1 1 0 0 0 0 1 0 0 Fitness: 916
Generation 601:		1 0 1 0 0 0 0 0 1 0 1 0 1 0 1 1 1 1 0 0 0 0 1 0 0 1 1 1 0 0 1 1 1 0 0 0 0 1 0 0 Fitness: 916
Generation 611:		1 0 1 0 0 0 0 0 1 0 1 0 1 0 1 1 1 1 0 0 0 0 1 0 0 1 1 1 0 0 1 1 1 0 0 0 0 1 0 0 Fitness: 916
Generation 621:		1 0 1 0 0 0 0 0 1 0 1 0 1 0 1 1 1 1 0 0 0 0 1 0 0 1 1 1 0 0 1 1 1 0 0 0 0 1 0 0 Fitness: 916
Generation 631:		1 0 1 0 0 0 0 0 1 0 1 0 1 0 1 1 1 1 0 0 0 0 1 0 0 1 1 1 0 0 1 1 1 0 0 0 0 1 0 0 Fitness: 916
Generation 641:		1 0 1 0 0 0 0 0 1 0 1 0 1 0 1 1 1 1 0 0 0 0 1 0 0 1 1 1 0 0 1 1 1 0 0 0 0 1 0 0 Fitness: 916
Generation 651:		1 0 1 0 0 0 0 0 1 0 1 0 1 0 1 1 1 1 0 0 0 0 1 0 0 1 1 1 0 0 1 1 1 0 0 0 0 1 0 0 Fitness: 916
Generation 661:		1 0 1 0 0 0 0 0 1 0 1 0 1 0 1 1 1 1 0 0 0 0 1 0 0 1 1 1 0 0 1 1 1 0 0 0 0 1 0 0 Fitness: 916
Generation 671:		1 0 1 0 0 0 0 0 1 0 1 0 1 0 1 1 1 1 0 0 0 0 1 0 0 1 1 1 0 0 1 1 1 0 0 0 0 1 0 0 Fitness: 916
Generation 681:		1 0 1 0 0 0 0 0 1 0 1 0 1 0 1 1 1 1 0 0 0 0 1 0 0 1 1 1 0 0 1 1 1 0 0 0 0 1 0 0 Fitness: 916
Generation 691:		1 0 1 0 0 0 0 0 1 0 1 0 1 0 1 1 1 1 0 0 0 0 1 0 0 1 1 1 0 0 1 1 1 0 0 0 0 1 0 0 Fitness: 916
Generation 701:		1 0 1 0 0 0 0 0 1 0 1 0 1 0 1 1 1 1 0 0 0 0 1 0 0 1 1 1 0 0 1 1 1 0 0 0 0 1 0 0 Fitness: 916
Generation 711:		1 0 1 0 0 0 0 0 1 0 1 0 1 0 1 1 1 1 0 0 0 0 1 0 0 1 1 1 0 0 1 1 1 0 0 0 0 1 0 0 Fitness: 916
Generation 721:		1 0 1 0 0 0 0 0 1 0 1 0 1 0 1 1 1 1 0 0 0 0 1 0 0 1 1 1 0 0 1 1 1 0 0 0 0 1 0 0 Fitness: 916
Generation 731:		1 0 1 0 0 0 0 0 1 0 1 0 1 0 1 1 1 1 0 0 0 0 1 0 0 1 1 1 0 0 1 1 1 0 0 0 0 1 0 0 Fitness: 916
Generation 741:		0 0 0 0 1 1 1 0 0 0 1 0 1 0 0 0 0 1 1 0 1 1 0 0 1 0 0 1 0 0 1 0 0 0 1 0 1 1 1 0 Fitness: 920
Generation 751:		1 0 1 0 0 0 0 0 1 0 1 0 1 0 1 1 1 1 0 0 0 0 1 0 0 1 1 1 0 0 1 1 1 0 0 0 0 1 0 0 Fitness: 916
Generation 761:		1 0 1 0 0 0 0 0 1 0 1 0 1 0 1 1 1 1 0 0 0 0 1 0 0 1 1 1 0 0 1 1 1 0 0 0 0 1 0 0 Fitness: 916
Generation 771:		0 1 0 0 0 0 0 0 1 0 0 1 0 0 1 1 1 1 1 1 0 1 1 0 0 0 0 0 0 1 1 0 1 0 1 1 1 0 0 1 Fitness: 936
Generation 781:		1 0 1 0 0 0 0 0 1 0 1 0 1 0 1 1 1 1 0 0 0 0 1 0 0 1 1 1 0 0 1 1 1 0 0 0 0 1 0 0 Fitness: 916
Generation 791:		1 0 1 0 0 0 0 0 1 0 1 0 1 0 1 1 1 1 0 0 0 0 1 0 0 1 1 1 0 0 1 1 1 0 0 0 0 1 0 0 Fitness: 916
Generation 801:		1 0 1 0 0 0 0 0 1 0 1 0 1 0 1 1 1 1 0 0 0 0 1 0 0 1 1 1 0 0 1 1 1 0 0 0 0 1 0 0 Fitness: 916
Generation 811:		1 0 1 0 0 0 0 0 1 0 1 0 1 0 1 1 1 1 0 0 0 0 1 0 0 1 1 1 0 0 1 1 1 0 0 0 0 1 0 0 Fitness: 916
Generation 821:		1 0 1 0 0 0 0 0 1 0 1 0 1 0 1 1 1 1 0 0 0 0 1 0 0 1 1 1 0 0 1 1 1 0 0 0 0 1 0 0 Fitness: 916
Generation 831:		1 0 1 0 0 0 0 0 1 0 1 0 1 0 1 1 1 1 0 0 0 0 1 0 0 1 1 1 0 0 1 1 1 0 0 0 0 1 0 0 Fitness: 916
Generation 841:		1 0 1 0 0 0 0 0 1 0 1 0 1 0 1 1 1 1 0 0 0 0 1 0 0 1 1 1 0 0 1 1 1 0 0 0 0 1 0 0 Fitness: 916
Generation 851:		1 0 1 0 0 0 1 0 0 0 0 1 1 1 1 0 0 1 1 1 0 0 0 0 0 0 0 1 0 0 1 0 1 0 0 1 1 0 1 0 Fitness: 977
Generation 861:		1 0 1 0 0 0 0 0 1 0 1 0 1 0 1 1 1 1 0 0 0 0 1 0 0 1 1 1 0 0 1 1 1 0 0 0 0 1 0 0 Fitness: 916
Generation 871:		1 0 1 0 0 0 0 0 1 0 1 0 1 0 1 1 1 1 0 0 0 0 1 0 0 1 1 1 0 0 1 1 1 0 0 0 0 1 0 0 Fitness: 916
Generation 881:		1 0 1 0 0 0 0 0 1 0 1 0 1 0 1 1 1 1 0 0 0 0 1 0 0 1 1 1 0 0 1 1 1 0 0 0 0 1 0 0 Fitness: 916
Generation 891:		1 1 1 0 1 0 0 0 0 0 0 0 0 0 1 1 0 1 1 0 0 0 0 0 1 1 1 1 0 0 1 0 1 0 0 0 0 1 1 0 Fitness: 962
Generation 901:		1 0 1 0 0 0 0 0 1 0 1 0 1 0 1 1 1 1 0 0 0 0 1 0 0 1 1 1 0 0 1 1 1 0 0 0 0 1 0 0 Fitness: 916
Generation 911:		1 0 1 0 0 0 0 0 1 0 1 0 1 0 1 1 1 1 0 0 0 0 1 0 0 1 1 1 0 0 1 1 1 0 0 0 0 1 0 0 Fitness: 916
Generation 921:		1 0 1 0 0 0 0 0 1 0 1 0 1 0 1 1 1 1 0 0 0 0 1 0 0 1 1 1 0 0 1 1 1 0 0 0 0 1 0 0 Fitness: 916
Generation 931:		1 0 1 0 0 0 0 0 1 0 1 0 1 0 1 1 1 1 0 0 0 0 1 0 0 1 1 1 0 0 1 1 1 0 0 0 0 1 0 0 Fitness: 916
Generation 941:		1 1 0 1 0 0 1 0 0 0 1 0 0 0 0 0 0 1 1 1 0 0 1 0 0 0 1 1 0 1 1 0 0 0 0 0 1 1 1 0 Fitness: 946
Generation 951:		1 1 1 0 1 0 0 0 0 0 1 0 0 0 0 0 0 1 1 1 1 1 1 1 0 0 1 1 0 1 0 0 1 0 1 0 0 0 0 0 Fitness: 958
Generation 961:		1 0 1 0 0 0 0 0 1 0 1 0 1 0 1 1 1 1 0 0 0 0 1 0 0 1 1 1 0 0 1 1 1 0 0 0 0 1 0 0 Fitness: 916
Generation 971:		1 0 1 0 0 0 0 0 1 0 1 0 1 0 1 1 1 1 0 0 0 0 1 0 0 1 1 1 0 0 1 1 1 0 0 0 0 1 0 0 Fitness: 916
Generation 981:		1 0 0 0 1 0 1 0 1 0 0 0 0 0 1 1 0 1 0 1 1 1 1 1 1 0 0 1 1 0 1 0 0 0 0 1 1 1 0 0 Fitness: 1011
Generation 991:		1 0 1 0 0 0 0 0 1 0 1 0 1 0 1 1 1 1 0 0 0 0 1 0 0 1 1 1 0 0 1 1 1 0 0 0 0 1 0 0 Fitness: 916
==================================
Final Generation: 
1 0 1 0 0 0 0 0 1 0 1 0 1 0 1 1 1 1 0 0 0 0 1 0 0 1 1 1 0 0 1 1 1 0 0 0 0 1 0 0 Fitness: 916
==================================
Best knapsack in history: 
Fitness: 1191
1 0 0 0 1 0 0 0 1 0 1 0 0 0 0 0 1 1 0 1 1 1 1 0 1 1 0 1 0 0 0 1 1 0 1 0 1 1 1 1 
